#Arm_1:7, Arm_2:7
[0, 30, -30, 60, -30, 30, 0.001375], [0, 30, 30, 60, 30, 30, 0.001375]
[0, 30, 30, 60, 30, 30, 0.001375], [0, 30, -30, 60, -30, 30, 0.001375]
[0, 40, 50, 80, -0.002693, 30, 0.001375], [0, 40, 50, 80, -0, 30, 0.001375]
[10, 50, 40, 80, 10, 30, 0.001375], [10, 50, 40, 80, 10, 30, 0.001375]
[10, 50, 0, 80, 10, 30, 0.001375], [10, 50, 0, 80, 10, 30, 0.001375]
[0, 0, 0, 0, 0, 0, 0], [0, 0, 0, 0, 0, 0, 0]
[0, 30, -30, 60, -30, 30, 0.001375], [0, 30, 30, 60, 30, 30, 0.001375]
[0, 30, 30, 60, 30, 30, 0.001375], [0, 30, -30, 60, -30, 30, 0.001375]
[0, 40, 50, 80, -0.002693, 30, 0.001375], [0, 40, 50, 80, -0, 30, 0.001375]
[10, 50, 40, 80, 10, 30, 0.001375], [10, 50, 40, 80, 10, 30, 0.001375]
[10, 50, 0, 80, 10, 30, 0.001375], [10, 50, 0, 80, 10, 30, 0.001375]
[0, 0, 0, 0, 0, 0, 0], [0, 0, 0, 0, 0, 0, 0]
[0, 30, -30, 60, -30, 30, 0.001375], [0, 30, 30, 60, 30, 30, 0.001375]
[0, 30, 30, 60, 30, 30, 0.001375], [0, 30, -30, 60, -30, 30, 0.001375]
[0, 40, 50, 80, -0.002693, 30, 0.001375], [0, 40, 50, 80, -0, 30, 0.001375]
[10, 50, 40, 80, 10, 30, 0.001375], [10, 50, 40, 80, 10, 30, 0.001375]
[10, 50, 0, 80, 10, 30, 0.001375], [10, 50, 0, 80, 10, 30, 0.001375]
[0, 0, 0, 0, 0, 0, 0], [0, 0, 0, 0, 0, 0, 0]